using System;
using System.Collections.Generic;
using System.Linq;
using System.Threading.Tasks;

namespace Project.AssignValues
{
    public class MRTTable
    {
        public string[] FromStation =
        {
            "Sungai Buloh","Kampung Selamat", "Kwasa Damansara" , "Kwasa Sentral","Kota Damansara","Surian","Mutiara Damansara",
            "Bandar Utama" ,"Taman Tun Dr Ismail","Phileo Damansara", " Pusat Bandar Raya", "Semantan","Muzium Negara", "Pasar Seni",
            "Merdeka", "Bukit Bintang", "Tun Razak Exchange", "Cochrane", "Maluri", "Taman Pertama", "Taman Midah", "Taman Mutiara","Taman Connaught",
            "Taman Suntex","Sri Raya","Bandar Tun Hussein Onn", "Batu Sebelas Cheras", "Bukit Dukung", "Sungai Jernih","Stadium Kajang","Kajang"
        };

        public string[] ToStation =
        {
            "Sungai Buloh","Kampung Selamat", "Kwasa Damansara" , "Kwasa Sentral","Kota Damansara","Surian","Mutiara Damansara",
            "Bandar Utama" ,"Taman Tun Dr Ismail","Phileo Damansara", " Pusat Bandar Raya", "Semantan","Muzium Negara", "Pasar Seni",
            "Merdeka", "Bukit Bintang", "Tun Razak Exchange", "Cochrane", "Maluri", "Taman Pertama", "Taman Midah", "Taman Mutiara","Taman Connaught",
            "Taman Suntex","Sri Raya","Bandar Tun Hussein Onn", "Batu Sebelas Cheras", "Bukit Dukung", "Sungai Jernih","Stadium Kajang","Kajang"
        };

        public double[,] fares =
        {
            {0.80,1.20,1.80,2.00,2.60,2.70,3.10,3.30,3.20,3.50,3.30,3.40,3.10,3.20,3.30,3.40,3.50,3.60,3.70,3.90,4.00,4.10,4.30,4.50,4.60,4.80,4.80,5.00,5.30,5.40,5.50},
            {1.20,0.80,1.50,1.80,2.30,2.70,2.80,3.10,3.40,3.30,3.70,3.30,3.70,3.80,3.20,3.30,3.40,3.50,3.60,3.80,3.90,4.00,4.20,4.40,4.50,4.60,4.70,4.90,5.20,5.20,5.40},
            {1.80,1.50,0.80,1.10,1.80,2.10,2.60,2.60,3.00,3.20,3.30,3.50,3.40,3.50,3.60,3.70,3.20,3.30,3.40,3.50,3.60,3.80,3.90,4.10,4.30,4.40,4.50,4.60,4.90,5.00,5.10},
            {2.00,1.80,1.10,0.80,1.60,1.90,2.30,2.60,2.80,3.00,3.10,3.30,3.80,3.40,3.40,3.60,3.80,3.20,3.30,3.40,3.50,3.70,3.80,4.00,4.10,4.30,4.40,4.50,4.80,4.90,5.00},
            {2.60,2.30,1.80,1.60,0.80,1.30,1.80,2.00,2.40,2.80,3.00,3.20,3.30,3.50,3.60,3.20,3.40,3.60,3.70,3.20,3.20,3.40,3.50,3.70,3.90,4.00,4.10,4.30,4.60,4.60,4.80},
            {2.70,2.70,2.10,1.90,1.30,0.80,1.30,1.70,2.00,2.40,2.70,2.90,3.10,3.30,3.40,3.60,3.80,3.40,3.50,3.70,3.80,3.20,3.40,3.60,3.70,3.90,4.00,4.10,4.40,4.50,4.60},
            {3.10,2.80,2.60,2.30,1.80,1.30,0.80,1.30,1.70,2.00,2.60,2.80,3.20,3.40,3.10,3.30,3.50,3.70,3.20,3.50,3.60,3.80,3.20,3.40,3.60,3.70,3.80,3.90,4.20,4.30,4.40},
            {3.30,3.10,2.60,2.60,2.00,1.70,1.30,0.80,1.30,1.70,2.20,2.50,2.90,3.10,3.20,3.40,3.20,3.40,3.60,3.30,3.40,3.60,3.80,3.40,3.60,3.60,3.60,3.80,4.10,4.20,4.30},
            {3.20,3.40,3.00,2.80,2.40,2.00,1.70,1.30,0.80,1.20,1.80,2.10,2.80,2.80,2.90,3.10,3.40,3.10,3.30,3.60,3.70,3.40,3.60,3.80,3.20,3.40,3.50,3.60,3.90,4.00,4.10},
            {3.50,3.30,3.20,3.00,2.80,2.40,2.00,1.70,1.20,0.80,1.60,1.80,2.50,2.70,2.60,2.80,3.10,3.10,3.10,3.30,3.50,3.70,3.40,3.60,3.80,3.20,3.30,3.50,3.80,3.90,4.00},
            {3.30,3.70,3.30,3.10,3.00,2.70,2.60,2.20,1.80,1.60,0.80,1.10,1.80,2.10,2.20,2.50,2.80,2.80,3.00,3.30,3.50,3.30,3.50,3.30,3.50,3.70,3.80,3.20,3.50,3.60,3.70},
            {3.40,3.30,3.50,3.30,3.20,2.90,2.80,2.50,2.10,1.80,1.10,0.80,1.70,1.90,2.00,2.30,2.60,2.60,2.80,3.10,3.30,3.10,3.40,3.70,3.30,3.50,3.60,3.10,3.40,3.50,3.60},
            {3.10,3.70,3.40,3.80,3.30,3.10,3.20,2.90,2.80,2.50,1.80,1.70,0.80,1.20,1.30,1.60,1.90,2.10,2.30,2.70,2.70,3.00,3.30,3.20,3.40,3.70,3.20,3.50,3.10,3.20,3.30},
            {3.20,3.80,3.50,3.40,3.50,3.30,3.40,3.10,2.80,2.70,2.10,1.90,1.20,0.80,1.00,1.30,1.70,1.80,2.10,2.50,2.70,2.80,3.00,3.50,3.30,3.50,3.60,3.30,3.70,3.80,3.20},
            {3.30,3.20,3.60,3.40,3.60,3.40,3.10,3.20,2.90,2.60,2.20,2.00,1.30,1.00,0.80,1.10,1.50,1.80,1.90,2.30,2.50,2.60,2.90,3.30,3.20,3.40,3.50,3.80,3.60,3.70,3.20},
            {3.40,3.30,3.70,3.60,3.20,3.60,3.30,3.40,3.10,2.80,2.50,2.30,1.60,1.30,1.10,0.80,1.20,1.50,1.80,2.10,2.30,2.60,2.70,3.10,3.40,3.20,3.30,3.60,3.50,3.60,3.80},

        };
    }
}
